  -3.2576593e-01  -5.3713213e-03   1.3471961e-01   1.0493754e-01  -2.2139872e-01  -2.9866485e-02  -5.7827648e-02   3.0227420e-02   1.2693921e-01   5.5938130e-02   7.3482428e-02   1.5904268e-02   1.5472067e-02  -4.9108419e-02   1.4515588e-01   5.2787845e-02  -3.6937935e-02  -8.1047841e-02   2.1777461e-01  -2.4600936e-01  -5.9121224e-02   2.4328370e-01  -1.8318616e-01  -2.6262356e-02   1.3802329e-01  -1.0654953e-01   3.0008836e-01  -1.4991189e-02  -1.9446638e-03  -2.7829938e-02
  -7.3831491e-02  -6.3402043e-03  -1.6079435e-02  -3.2904476e-02  -6.9527922e-02   4.5730933e-04   1.8903440e-01   1.6070235e-03   3.3329675e-02  -1.7663243e-01   3.9930477e-05  -9.8456927e-03  -5.5908746e-02   1.2983273e-02  -1.8653719e-02   2.0708459e-02   6.8231242e-02   1.1665439e-01   2.0021612e-01  -1.5791454e-01  -9.1273927e-03  -2.2533651e-01  -1.7990843e-01   7.9241844e-02   5.5164958e-03  -4.1578528e-02   3.0321320e-01  -2.5412224e-01   9.7614312e-02   5.6173274e-03
  -8.6452867e-02   7.9317881e-03  -9.8636631e-02   3.2815931e-01  -2.6413226e-01  -1.2836812e-01   8.2778905e-02  -1.6461926e-01  -1.7246494e-02   3.4065024e-01  -2.6323668e-01   3.8953332e-02   3.7847070e-01   1.8515472e-01  -1.7875457e-01   1.4587246e-02  -1.0082830e-01  -5.2261894e-01   2.3457555e-01   1.3934910e-01  -4.5501281e-02   1.6063573e-02   9.2208126e-02   2.2426679e-01  -2.7132075e-01  -8.6923401e-02   2.2983569e-01  -9.1263346e-02   3.1908987e-03   3.0714888e-02
  -1.2791567e-01   2.1323364e-01   8.0919979e-04   8.5355712e-03  -4.6406473e-01  -3.5030956e-02  -4.1092613e-02  -2.4242760e-03   3.7309661e-01   9.8175477e-04  -2.1178236e-02   2.6901534e-02   4.4359492e-03  -5.8086474e-02  -4.7352609e-02   1.8495289e-03  -1.5106607e-02   4.4385228e-02   9.9856608e-03   7.5406089e-03   2.1721259e-02  -4.6606802e-02   9.4102576e-03   2.7760790e-02   2.0823639e-02  -1.7268279e-02  -6.0527763e-03   1.9652495e-02   9.8830049e-03  -2.9622755e-02
  -3.9455234e-02   1.1019755e-02  -5.6107134e-02  -2.6600927e-02   8.2538528e-02   5.2127767e-02   2.3853158e-02   1.8962150e-01  -3.2289584e-01  -2.2697499e-02  -6.3159035e-02  -3.5506763e-02   2.2515559e-02  -1.5570461e-02   2.2808607e-02   9.9899504e-03   2.2048197e-02   1.3219965e-02   1.2906998e-02   1.9120274e-02  -7.1247830e-03   5.3911793e-05  -5.7030911e-02   9.4753405e-03  -1.9016723e-02  -2.1796627e-02   2.1359054e-02   6.6951429e-03   3.6866407e-03  -8.4243584e-03
   5.2285872e-03   5.0186847e-03  -2.9901091e-02   2.4991705e-02  -4.7201626e-02  -2.8102824e-02  -1.9623316e-03   1.6902632e-02  -3.3092545e-01   1.5166885e-01  -1.2331575e-01  -1.3653572e-02  -9.0593442e-02   1.5489433e-02   2.9429612e-02   7.7842624e-02   4.9251948e-02  -1.5157559e-02  -3.2791267e-02  -1.2109540e-01  -3.6167364e-02   4.2163976e-02   6.9404598e-02  -1.4163849e-02  -1.0566930e-01   3.4083099e-02  -8.7891671e-02  -2.4193112e-02   2.1224571e-02   2.2408813e-01
   2.1187861e-02  -1.7098159e-02  -9.9724178e-02   9.0842101e-03   1.9493498e-02   2.1377358e-02   1.9485705e-02  -2.3908415e-02   1.4496949e-02   1.9298135e-02  -7.8194868e-03   1.7745158e-01  -2.5879595e-02   4.7481345e-03   3.8535681e-02   5.0771511e-03  -5.6209450e-02   4.4497295e-02  -2.2175979e-02  -2.2449648e-02  -8.0636867e-03   9.7318844e-03  -4.2198630e-03  -1.1491864e-02  -2.2076026e-02  -4.1664473e-02   1.6488542e-03   1.7588477e-02  -6.1622468e-04   1.4110037e-02
   4.9822826e-04   2.2555434e-03   3.4879923e-04  -2.2142957e-02  -5.2712334e-02   1.0750326e-02  -1.8269942e-02  -8.2830885e-02   2.9031701e-02   7.3982362e-02   1.5419109e-02   6.6333940e-03   5.4807338e-02   1.0938322e-01  -3.5451129e-02   4.5523728e-03   2.2432279e-01  -3.6720384e-02  -3.7681114e-03  -2.2746500e-02  -4.8268965e-02  -5.2875411e-02  -2.9557578e-02   1.8332256e-02   7.6665488e-03  -4.0378586e-02  -6.1980940e-03   3.1810441e-02  -2.4721842e-02   2.2206945e-02
  -6.5591882e-02  -3.2476832e-02   1.8222713e-01  -1.2167209e-02  -1.4427138e-02  -8.8933518e-02   1.4434721e-01   5.8163585e-02  -2.4279830e-01   2.1985568e-02  -1.4318809e-01   7.4709105e-03  -1.1702206e-02  -5.6354800e-02   1.6035352e-02   4.3987085e-02   9.4560774e-02  -1.7559748e-01   1.2785906e-01   2.7674529e-02  -1.0993802e-01  -2.5006004e-02   8.9342171e-02  -2.8164064e-02  -1.5722707e-01   3.2824668e-02   1.1089532e-01  -1.4103790e-01   9.0642515e-02  -1.4124440e-02
  -3.2740370e-02  -5.4911962e-03  -1.8159941e-02   3.3617401e-02   9.8097660e-02  -4.1848564e-02   6.0058933e-02   5.4725789e-03   1.2355614e-02   1.0895184e-02  -4.5507955e-02  -3.0303638e-02  -2.0962382e-02  -1.5214366e-01   2.2522932e-02  -1.3312922e-02  -6.4615466e-02  -1.2366824e-01   3.8327401e-02   2.2731308e-02   2.7236567e-01  -1.4654030e-02   9.7300012e-02   7.1522494e-03  -9.0661209e-02   6.3268631e-03  -6.5982582e-02  -8.2047225e-03  -3.7173730e-02   1.7523985e-03
   9.2468084e-03   1.6081930e-03   6.0722140e-03  -2.9771354e-02  -1.3269719e-01   3.1115300e-02  -1.0414867e-01   1.2700586e-02   2.0188130e-01  -2.9428916e-02   2.1622564e-01  -5.4936118e-03   2.4068483e-02   4.1732953e-02  -2.5806411e-03   1.3741075e-02  -2.3613563e-03  -7.6220492e-02   7.5551949e-02  -4.5499094e-02   1.9183988e-02  -7.3147747e-02   1.0803464e-01  -7.4878089e-02  -1.3509148e-01  -3.0333824e-02   7.6141444e-02  -1.2360209e-01   1.4468094e-01   3.7508906e-02
   1.8204467e-03  -6.7665253e-04  -2.8914997e-02   2.3155652e-02  -1.4600125e-01  -4.4308029e-04  -2.3592120e-02  -1.3460077e-02  -5.1835476e-02   2.4725486e-02   3.9818540e-02   1.2580106e-02  -3.1538629e-03   9.9859460e-02   2.6904170e-02   7.5454142e-03   5.6297675e-02  -8.8474454e-03   5.4792558e-02  -4.4115539e-02  -1.1256108e-01  -4.4271878e-02  -2.0748849e-03  -5.0532941e-03   4.7279734e-03   1.9677164e-01  -2.4435615e-02   1.1620872e-02  -8.7293044e-03  -8.0190339e-02
   3.7368575e-03  -6.8965593e-03   8.0072732e-03  -7.5949432e-03  -4.9229517e-03   1.0041277e-02  -2.4136013e-03   3.1108470e-03   6.3494599e-02  -9.0808440e-02  -1.7520524e-02   3.7686997e-03   1.8837710e-02  -7.0944127e-02   1.3666247e-01  -2.0378541e-02   2.9132864e-02   2.2373492e-02  -7.5912925e-02  -1.2802138e-01   3.8361865e-02  -3.0675287e-01   3.3560334e-01  -1.0446360e-01   1.0016888e-01  -3.0043953e-03   2.7935230e-02  -4.2804536e-04   2.7184010e-02  -2.6517904e-02
   1.3687754e-02   2.5693972e-03  -9.7433513e-04   3.4098228e-02   3.1336894e-01  -3.5573003e-02  -4.5213956e-02   5.3722676e-03  -3.8745825e-01   2.5731395e-01  -1.3086452e-01  -8.7991866e-04   6.6328642e-02  -5.1986619e-02   8.1121135e-02   1.7500074e-02   5.9216995e-02  -1.4978211e-01   1.3830031e-01   1.9667312e-01   5.2562717e-02  -2.1876951e-01  -9.6356806e-02   4.5895676e-02  -2.8991163e-02   1.0414657e-02   1.8315087e-02  -4.7530893e-02   6.2950072e-02   6.6856043e-03
  -5.4478690e-03   2.5414366e-03  -1.6883584e-03  -7.6446715e-04  -1.1292513e-01   8.3650378e-03  -1.8759960e-02  -8.4887565e-03  -2.5977744e-01  -6.5755797e-02   3.2423002e-02   4.0497537e-03   2.1773576e-02  -5.4401878e-01   4.6198551e-03   1.9031279e-04  -1.3654239e-03  -4.1114578e-03   1.7095367e-02   2.3013552e-03  -4.5877903e-03  -1.1942802e-02   7.7760721e-03   2.7904740e-03  -7.2681326e-03  -6.5768886e-03   1.7765189e-02   6.3590641e-03  -1.8611951e-02   5.3398204e-03
   1.4990348e-01  -5.7246516e-02  -5.0675762e-02  -1.6566926e-02  -7.9414530e-01  -1.1614625e-01  -1.4712359e-02   4.8002994e-03   3.5267644e-01   7.6394251e-02   7.2060361e-02  -4.1097345e-03  -4.0369792e-03   1.5903986e-01  -6.8395456e-03   3.7846590e-02  -5.7852300e-03  -2.8332648e-02  -3.4217440e-02  -1.0307697e-02   1.3094386e-02   8.5044658e-03   1.8727089e-02   3.1217103e-03   1.9648298e-02  -2.2517256e-02   8.4103108e-03   2.9183939e-02  -5.7099594e-02  -4.9926114e-03
   9.1713990e-02  -9.5425709e-03  -3.3312637e-02   2.1642738e-02   2.8804963e-01   7.6431757e-02   8.9282457e-03   1.9417576e-02  -1.5507975e-01  -1.0007455e-01   2.4080472e-03  -8.8849758e-03  -1.0038385e-01  -2.2035514e-01  -5.8787874e-02  -3.0003349e-05   4.1318804e-02   6.3600570e-02   2.4574917e-01  -6.9546879e-02  -1.9762000e-02   1.7505731e-02   1.1973842e-01   8.0972482e-02  -4.5188014e-02   2.8829090e-02  -1.2216365e-01  -8.1890236e-04  -5.9537525e-02   3.9507142e-02
  -7.7825510e-02   7.1142582e-03   6.4703571e-02  -1.6788701e-01  -2.4523741e-01   1.8745207e-02  -5.7016989e-02   5.6056230e-02   2.2074130e-01  -2.8966631e-01  -3.0690261e-02  -6.7355759e-03  -1.0702106e-01   3.4292395e-01   6.4719146e-02   1.4695646e-02   1.9760740e-02   1.1396222e-01  -1.2475960e-01   3.8398550e-01   1.5686689e-02  -5.2323321e-02   1.3303064e-01  -2.3473720e-01  -1.3398809e-01   7.1904562e-02  -1.2158145e-01  -1.2369855e-01   2.6453123e-02   1.0117441e-01
  -1.0262326e-01  -2.6442822e-04   1.3828691e-02   1.7535469e-01  -3.5498622e-01  -3.5200499e-02   1.6528852e-02  -3.2132306e-02  -9.3118008e-02   3.6572199e-01   6.0449789e-02   6.7824015e-03   1.1063788e-01   1.2489222e-02  -8.5677134e-02  -1.6762454e-02  -5.4014481e-02  -4.5876919e-02  -6.2009686e-02  -1.4084088e-01   4.5703567e-03   9.2470076e-03   2.4094503e-01   6.5642943e-02   9.8129071e-02   6.2284931e-02  -4.0829225e-02  -1.7269419e-01  -7.0901655e-02   6.7251327e-02
  -4.1887958e-02   3.1294630e-03   4.2609959e-03   6.1356714e-02  -2.2436347e-01  -7.4086284e-03  -1.4520349e-02   3.1028735e-02   1.5980733e-01  -4.3270283e-02   5.6271911e-02  -1.0563376e-02  -1.7505167e-01   1.5592808e-01  -9.8911610e-02  -4.3232994e-03   8.4452040e-02  -9.6809502e-02   7.3165892e-03   2.0580726e-02  -3.4235437e-02   3.6076298e-02   8.5282027e-02   2.1387808e-02   1.4967680e-02   2.7472874e-03  -2.1115981e-02   1.7416900e-02  -3.5044427e-02  -3.6107178e-03
   6.5380672e-03   3.7926740e-03  -1.7388650e-02   8.5815555e-02  -1.0960362e-01   1.3488725e-02  -1.0240149e-02  -2.6328497e-03   1.3798704e-01  -2.0265230e-01  -5.1995631e-02  -3.3143152e-03  -1.0310307e-01   8.9074526e-02   2.8055079e-01   6.9748665e-03   3.3246210e-02   5.7130846e-02  -1.8297828e-01  -6.2050650e-02  -3.4707919e-02   4.9431911e-02  -4.7128461e-02   5.5718126e-02  -1.8763500e-02   1.2188333e-02   9.3146199e-02  -1.8660376e-01   9.5437990e-02   9.9802165e-03
   4.2600118e-02   5.5043361e-04   1.7224423e-02  -1.9149687e-01   1.2014853e-01   4.0585650e-04  -2.4674227e-02   2.3624989e-02  -6.1829746e-02   2.9535378e-02   1.3249636e-02   2.3777721e-03   3.1009191e-02   1.7594597e-01  -4.0827003e-02   7.0979250e-03  -2.1341414e-04  -4.2335689e-02  -4.4627714e-01   5.6942951e-02  -2.4380269e-02  -5.4719963e-02   1.8842651e-01   3.1870158e-01  -8.0583079e-02   1.1963788e-02   1.1836713e-01  -1.4759923e-01  -4.2585616e-02   3.0599825e-02
  -3.0366224e-02  -4.8321489e-03   5.5397405e-03   1.9308949e-02  -1.4146451e-01  -1.8098845e-02   1.3195525e-02  -6.0462304e-03   1.5547273e-02   2.7904872e-02   3.2590272e-02  -1.5118206e-03  -3.0754356e-04  -3.0897681e-02  -4.2072233e-02   4.6014250e-04  -1.7220308e-02   4.7244131e-02  -7.4732172e-02  -8.5744239e-04   2.2715800e-02   6.0924906e-02  -1.1895570e-02   2.2398815e-02  -4.0005440e-02   5.6928703e-02  -2.1428766e-01  -5.1468957e-02   2.6536568e-01  -5.8110918e-02
  -5.5054033e-02   1.9418162e-03   3.6463775e-03   3.7758310e-02  -1.3526703e-01   3.9331527e-03   2.7177303e-02  -1.7789485e-03   1.3280523e-01  -1.0305328e-01  -2.5450813e-02  -5.0494616e-03  -2.6885452e-02   7.1025457e-02   1.7233010e-01   2.1182825e-02   9.3188628e-03   5.8531140e-03  -2.6795876e-01   9.7401522e-03   1.0719376e-02   1.5896034e-02   1.2613592e-01   1.2226500e-01  -5.4853679e-02  -2.6333726e-03  -2.4814251e-01   3.5924595e-01  -2.0588513e-01  -3.4880261e-04
   4.4660831e-02   2.2796908e-03   3.7019185e-02  -2.8954022e-01   7.6828398e-02   6.1212417e-03  -1.8552022e-02   3.4996270e-02   2.9330551e-01  -2.7142442e-01   9.3559342e-02   4.3799275e-03   7.1463856e-02   1.2906119e-01   4.5027724e-02  -2.2108000e-02  -4.7675094e-02  -2.0276846e-01   1.5508410e-01  -3.6044488e-01   3.6502964e-02   1.3648798e-01  -3.0806372e-01   3.4622148e-01   9.6697470e-02   3.7921653e-03  -1.5960015e-01   1.7885351e-01  -1.5154116e-01   1.9811819e-02
  -2.5800120e-02  -6.6796495e-05  -3.7084826e-04   1.2329486e-01  -1.3575476e-01  -4.2381932e-03  -3.8648449e-02  -6.9677086e-03   5.7127949e-02   1.2411116e-01   4.9992400e-02   5.1051089e-04  -5.0711765e-02  -1.9429681e-02  -1.1278436e-01  -3.3990118e-03   1.6033835e-02   2.8926183e-01  -2.8462777e-02   2.7049245e-02   2.7497600e-02  -1.6903678e-01  -1.8635806e-01   1.7533788e-01  -4.2250174e-02  -2.4844119e-02   6.6710796e-02   6.4386113e-02  -8.6508685e-02   1.5360289e-02
  -3.2061109e-02  -2.2901347e-03  -3.6594124e-02   1.8000167e-01  -2.2926231e-01   1.2163806e-01  -3.5596489e-02  -1.0811495e-01   2.1140643e-02  -6.3788396e-01   1.4138813e-01   3.2219860e-02   3.3676105e-01   6.3092325e-01  -5.1759390e-02   5.4729864e-03  -1.3089617e-01  -2.9852557e-01   1.9019434e-01   2.6271894e-02   4.3711325e-02  -3.8011201e-02   5.0767325e-02   6.4588979e-02  -3.2518933e-02   9.5160673e-03   6.1024121e-02  -7.3500540e-02  -4.5895729e-02   5.8889693e-02
   1.5804028e-02  -1.2928755e-02  -9.8845357e-03   8.4212407e-03   5.2068901e-01  -1.1884608e-01   5.0205637e-02   7.4704049e-03  -4.7303676e-01  -4.5758488e-02   1.0244857e-01   2.4484198e-04  -2.9674391e-02   1.0970404e-01   4.6461094e-02  -1.0978767e-01   1.6425612e-02  -6.0619473e-04  -5.8135689e-02   1.4726932e-02  -3.6777508e-02   4.9275068e-02   1.9231759e-02   1.6118990e-03  -2.2621736e-02  -3.9752685e-03   1.9535704e-02  -2.5747592e-02  -2.5878068e-02   8.2157363e-02
   8.7880010e-03  -1.3351010e-02   1.3562731e-02  -4.8290029e-02  -8.9073313e-01   7.9311376e-02   9.8887608e-02   7.3811693e-03   6.9693945e-01   3.5758222e-02  -1.0276202e-01   1.2290731e-03   5.4111336e-03  -8.7795350e-02   2.0072086e-02  -8.1015559e-02  -1.1001896e-03  -3.9081668e-02   4.9609955e-03   2.9523931e-02  -2.5718785e-02   4.3272354e-02  -2.9316619e-02   1.2814972e-02  -1.0727244e-02  -4.7162962e-03   3.0155980e-02   3.4367460e-03  -3.4524620e-02   5.4505578e-02
  -1.1366241e-03   2.9873228e-04  -1.9237444e-03  -1.7081159e-02   2.2391276e-01  -1.7014911e-02  -2.9867936e-03  -1.6924358e-03   5.0422627e-01  -8.2706002e-03   7.8901892e-03   2.4338008e-03   3.5123412e-04  -5.1721240e-01  -6.6734425e-03   4.8634986e-03   1.3256772e-03  -3.4720685e-03   2.8031129e-02   6.4903161e-03  -9.2894786e-03  -3.9027862e-03   1.0582285e-02   6.3335641e-03  -8.2994439e-03   8.4434949e-03   3.6914013e-03  -1.0366583e-02  -8.4419614e-03   1.1042518e-02
